97585   23148   28516   38001   21798
44825   72760   26507   66005   5816
40371   83645   65416   66885   90556
13037   29038   81663   51346   99239
71083   5420    66419   99180   3552
65944   41383   24973   82497   73160
7452    63923   70147   32119   52071
48179   12669   85060   52448   84002
48654   6991    77389   29269   4410
61029   90524   76586   95188   56069
92470   82209   37601   7099    4050
12970   93589   7094    16192   96329
21470   12010   57176   55573   25204
9684    19502   30798   55876   31877
21515   28837   65630   92081   46262
45077   46640   45673   50646   68205
69312   28180   68515   20624   43174
24925   4977    92150   88017   32779
51968   66677   55177   23032   53740
4934    21730   15792   96539   24810
85184   44549   48902   11460   56206
20684   265     8753    42884   44514
78517   37007   6439    92187   47689
6402    63110   67460   23192   66198
68236   83388   74189   2043    57408
37122   33080   29962   43721   12975
47221   8775    81178   17225   18654
3109    77686   956     83443   72371
40154   74501   90938   41328   87579
69632   87980   6080    73654   32904
67603   28644   50716   4524    28536
74725   5381    34166   22963   72134
31351   89509   9418    31812   89561
77284   28472   86634   55414   32230
39503   7163    33705   67847   49290
85732   67150   28341   17082   4519
4664    42475   81751   5916    64962
70802   44236   96201   78288   38979
36614   13330   85815   7597    2980
62918   33644   72850   92239   42257
97705   53592   12709   75034   41516
14412   29071   36748   76813   22666
2913    27549   93298   36942   46188
41845   9805    48060   25483   75198
84012   81877   72045   30186   94338
42599   90516   80612   13244   64544
15777   84778   59438   33868   7892
70015   14417   91975   88938   2945
30179   32115   4941    83609   14244
90375   33631   17497   90260   63388
89602   78064   8190    9647    37612
8424    66291   14769   69151   27369
54370   60624   46973   44866   86224
58855   93263   90816   38818   82201
20143   41632   33295   20583   12880
80439   63561   41990   40814   64154
37254   84488   16715   87357   69754
17243   74225   49878   25092   58321
66418   74752   69952   31471   90843
58556   93300   72401   78680   5452
57260   90255   57885   31477   9681
14708   33547   20215   53159   44838
2405    26055   70033   20890   16406
49731   51543   78419   40894   1834
81277   49623   97409   84988   36454
92583   13919   29833   22011   63090
28481   86439   98614   48392   81302
36476   50533   5001    97163   88250
89787   98010   70559   5573    9726
48595   92427   51545   11114   63279
51716   61751   92890   266     75719
55290   40339   21072   63759   43152
89046   85870   42515   65272   617
61991   52968   74536   49238   73229
68268   78677   19740   97446   33141
3248    94469   95235   73557   77553
65566   62201   64398   88337   21991
28277   41343   80268   39423   60137
46129   78310   24911   26721   72158
72115   14645   58487   84768   83624
85756   66786   47550   96384   18700
89832   60177   25808   95246   36563
20794   46653   51280   2205    1451
18761   12830   88437   66829   59622
9717    63152   48052   84456   63017
16497   7218    8204    8675    4958
83199   76638   78780   24981   99476
15973   76308   59920   40166   22163
47786   72120   56638   63306   92427
59085   1552    84669   41225   35482
1869    3098    12234   39793   50321
4688    92752   13122   75059   40507
9116    78717   50938   28387   74965
9963    4179    3194    30620   78066
50492   84710   62301   39508   43274
84879   54981   18929   3473    60662
50449   77882   87815   42804   50752
71735   24338   88267   65428   51933
68338   17987   1072    42283   23218
4497    54856   79419   90500   85990
13872   18127   86971   19320   11325
12855   8062    78159   90095   97425
59477   10375   95498   78985   11299
91649   57545   20628   56811   63951
94808   71475   53186   31234   61858
27681   6635    34334   8036    9155
64409   38742   52665   19221   93950
46616   54528   45114   77506   1274
52124   88772   14193   4906    33443
47013   14226   84620   38443   95786
92677   15528   29415   91512   81344
90871   57500   43014   3081    28613
62266   70835   78213   78156   78516
36809   14999   69454   56343   74669
30815   72581   68956   8594    14043
16997   24090   53520   22726   47651
26185   47411   18031   89475   22730
7004    53547   30596   52497   2314
66518   94161   36987   85990   99205
97614   63189   51044   35338   77376
98054   92316   72996   44409   95263
7666    49804   57602   36053   17922
57704   17896   86647   69271   66463
39858   53266   40254   69729   91819
26982   86273   71203   692     78242
50300   93867   41973   24880   34547
98611   20298   44260   53014   50977
11242   36615   68620   14622   82538
87867   55285   2520    29686   70540
82011   17395   96613   36182   29264
13484   36126   94478   99782   14983
93698   86054   57294   38667   22679
57283   45577   90671   65595   17341
58135   18093   24892   17571   94806
36492   7146    86850   66204   46230
38915   93465   41784   14076   4561
95383   27321   20464   57688   86118
38385   88209   81791   64478   12639
72670   42295   73459   57492   36531
5741    15373   52380   4595    48942
53886   6860    64492   32766   27362
39429   38310   57433   517     6151
70199   32532   43548   71704   32260
40204   70548   49208   4772    49201
55262   534     58449   397     49345
3996    95576   28167   65352   61530
45256   25029   32217   46345   62724
47359   97220   76978   4512    76367
81310   7262    23833   52730   48146
18006   10043   70705   78607   64324
15059   38610   29335   57623   852
41435   15944   7222    24751   58880
15656   27968   20915   51954   43601
93193   93937   41756   1140    63407
9640    61954   4999    4967    96928
33630   46829   53825   63724   97063
3409    41933   50595   28101   8396
21527   34259   35235   4786    29101
56884   47276   69732   33632   15541
84381   50285   54417   87749   72708
56787   71742   45525   71257   798
36193   8627    97120   47864   73682
51833   44497   80142   48614   35837
4685    64739   84343   48354   1863
77693   43677   95362   90869   44828
78338   72147   10164   12454   44454
88549   54128   68634   9065    395
32030   31365   4167    49964   12791
46765   49251   57894   12481   20385
31696   4248    85902   10862   30507
39283   15102   94245   74483   73695
86858   4017    11115   93189   72944
14862   67640   63373   28374   38171
13902   98765   62067   87415   86914
5741    7511    50022   38924   27268
97774   68898   57187   47508   5443
82293   75538   45591   26068   47516
30296   83809   4432    30628   77600
93619   9968    39006   26977   55058
64557   42620   84931   46340   9649
83474   16259   38633   82709   86193
99025   27030   78601   69189   70324
23118   21400   89328   85800   78525
93732   8226    88892   51085   18697
66306   11802   53964   28159   33361
9407    23885   38773   38974   25535
88318   69099   29247   71847   97103
79831   46858   45404   24283   49458
17224   24261   76576   13228   96381
21889   56555   49562   25680   93612
47758   35907   70046   1569    92732
92609   48907   72275   85015   32706
59775   93153   92420   90642   50574
50649   58156   37241   73456   70325
99334   66506   66252   76256   74601
59835   83579   526     15619   50566
30452   37181   17021   32796   90251
2535    61596   59999   50976   19156
24411   73507   21388   80585   78712
95286   32869   33564   60323   84498
1106    23847   50523   80385   62410
89567   29134   60906   18367   87598
85595   26222   30876   71283   1485
14664   18244   74419   25992   7247
78736   56483   75809   957     47291
69087   75299   97550   97128   48473
38768   60835   48023   12650   15373
76341   70408   57747   49764   35979
6829    18236   1708    83495   30956
58779   11894   35856   4644    42586
58237   90692   52669   7911    63049
7       88818   30556   60289   73329
81745   3508    56657   42937   46891
7272    96252   26571   66153   70437
70702   40040   62719   58090   96122
39325   18459   31384   8409    89462
87123   79853   2478    87309   47537
28063   98170   50777   38107   6527
28128   12087   28008   73761   63699
53813   29177   47358   35589   42634
82842   35746   77557   84631   62080
95180   26187   81620   53792   90516
5562    17642   61274   28680   48889
98635   44563   37415   55403   90740
22863   32160   52930   40281   95208
76682   38287   53889   60425   34136
94888   3276    89404   92826   46785
37707   10104   24269   21175   12726
82057   6352    55173   73041   44539
93705   81005   8003    36383   38280
10277   28091   59092   73343   10075
72054   7114    96132   43001   82431
23390   42844   90720   4442    88695
25354   75134   78568   31833   93537
2162    14890   90889   48736   97513
81992   10258   22593   51829   33355
66555   80604   96271   68384   93514
36151   88578   64408   15628   95659
51295   49161   31773   4986    23053
93250   13639   19037   13655   64375
6462    29943   46855   76043   48044
53523   40731   92882   3453    76304
51765   71096   91301   70376   3253
21843   14426   66581   31143   73757
40449   89133   25947   70631   94311
42514   15106   29484   75088   59872
43042   55799   87653   51231   432
20907   28425   98552   93156   21329
49815   77263   76384   48499   41407
41377   25532   63440   60658   12372
8040    84914   98156   50930   15958
15727   64924   78229   38221   17466
40664   96515   93614   58616   39719
15270   53789   72345   99916   37887
99033   88478   83979   23965   96178
914     4475    73671   40602   11001
95428   35602   22851   2375    41895
66601   72591   78838   42109   16817
80457   11151   33907   95151   62394
94535   26416   63721   6654    57574
77150   51357   84366   26631   50189
36596   55570   48958   72254   50427
51040   62238   39159   64266   26250
57216   94381   55917   58730   31383
12940   39277   80892   8639    11633
40560   20555   31861   63807   25444
99502   21098   77781   92180   43006
22155   80232   32485   35838   41203
56941   48719   94229   436     88626
75148   48584   99476   92549   75596
53951   47207   37158   4198    17768
24969   25254   47246   25989   9955
73905   40775   46099   70814   67130
52257   63193   58217   82950   29378
27455   42015   50494   30858   38887
86085   19328   12759   71617   12364
67399   43683   49286   83635   51929
76643   40809   94151   18747   70173
10976   47220   14613   58726   29360
29874   75648   435     16043   76015
73149   83079   28016   14983   70018
9788    55751   55952   49076   14007
97249   72698   53365   46018   89646
86930   47251   36391   13649   36984
23739   69220   33183   64031   77342
397     1873    75085   14805   83790
35139   41504   90990   16138   99574
11880   23697   79920   3524    74334
86793   14922   14866   12059   34290
56914   8101    70925   34136   22011
18416   97534   76034   58942   51044
88489   36457   56736   70985   19983
49708   7357    68428   75370   69594
39723   64229   47876   40184   50525
89332   72013   4107    42987   22901
97769   6731    88230   29251   93452
65585   50221   23020   96876   85715
89182   64930   60503   60875   76763
2035    75790   66707   45562   25429
96065   43851   60739   4088    37799
44136   9552    22447   35176   33137
93459   22365   87515   82393   39223
1310    63253   92687   12927   62922
77509   83552   67072   66165   85640
361     5426    66972   6726    80357
20708   9062    10368   93274   50715
41590   97341   87847   88365   48666
47079   14324   85034   82351   1619
91461   67374   77222   59353   78313
34274   49484   28917   20016   98172
5137    32015   75519   525     30985
73371   1295    41024   22550   85783
87992   82425   60420   41499   11171
58243   43918   50525   52011   39977
45852   44522   63799   84703   7211
96038   22240   66430   76411   27370
94509   56111   53699   52858   85080
14056   5574    10936   89798   45531
93232   40551   35109   81401   94620
14969   78759   33559   3967    1437
17937   15123   74575   71578   58810
99406   63242   97095   53806   42485
83778   94238   95642   96052   62411
90490   4052    85824   65814   88652
22927   56151   75402   2926    57775
23051   13716   13292   11296   86948
88732   6878    48949   57582   14500
28860   65644   47250   75061   16007
38321   69925   57977   89886   10566
11079   8831    22493   76481   28770
40248   81384   22143   59313   49078
11061   82848   42585   7639    77272
37410   2763    68749   67495   22069
59923   72314   48530   17975   81518
98063   61469   34999   62104   88799
79446   19742   97995   35366   34275
79927   38466   44954   27844   35513
78677   43089   21352   61154   90868
53016   15145   66237   26933   82671
73472   92403   80771   53211   34875
32493   96478   75157   84404   19277
4805    51138   70788   15558   71234
35253   27903   96130   40418   49154
79783   4754    54659   12204   84167
42215   58919   38867   5130    70780
57469   90803   22390   72164   26166
34077   6208    85437   67974   3233
36912   16033   7204    17756   60824
49834   47914   31903   47296   27952
93291   58983   28722   88900   39306
36114   28775   90946   84733   11426
72939   29990   92559   30405   35178
23789   55717   30267   86097   74027
62462   27959   88454   56944   76811
23343   24649   38065   847     49601
1463    53963   81777   77548   76066
2665    96218   89462   22632   25067
69181   66761   65850   4801    87111
78275   16002   78371   17490   94843
45767   80970   7199    6685    2598
46048   41831   30096   45541   70914
22290   71292   54426   61933   16471
61795   95207   26012   99387   50469
90020   64800   91313   50936   15428
21325   57670   63375   30525   93515
41958   69530   33409   55164   51125
69602   45039   8559    56034   66032
65161   56348   2917    62658   36134
73230   20426   45385   11387   11968
50118   43519   2262    55781   38921
6689    75431   35581   47572   66374
73972   76920   26073   73876   86669
80945   50382   64455   81830   40902
23352   66710   13122   57385   51963
45831   28032   94074   72381   79177
72166   5352    4838    33429   80558
35044   91517   38709   79998   94901
54393   53988   51552   57063   18759
98628   3479    29285   17361   43330
19740   98021   47617   42263   63986
91139   6125    84621   77397   19745
48603   62480   12491   16780   36364
12520   22711   52941   72393   79545
23432   89102   27150   67815   89292
16224   96981   63189   79838   4114
3271    88974   32831   73050   71820
58192   40460   34639   31613   69516
20409   44793   60451   92141   3826
52869   89728   35549   48214   36234
64554   80222   83482   85692   94958
60800   26444   49830   17318   43006
34099   87786   23345   45865   20077
35352   67517   49793   77085   68838
61765   89747   20060   28086   11855
34256   57121   96042   640     70899
78631   63286   92726   818     42681
14295   29323   80346   74515   76815
11477   79115   98158   87298   30565
28731   615     59180   45395   50645
55016   90204   42358   79106   51558
59718   87927   37345   44004   32249
92531   72484   57369   15857   21930
38318   51357   30822   96212   10231
65999   65861   48343   29661   95232
62547   1028    94872   92762   42933
10042   53070   12940   42454   85610
3469    25550   22683   3522    45025
93027   81081   36009   63559   52849
47766   77217   34305   81307   36506
97754   77966   26691   86802   87235
4278    87444   7033    60733   99652
24012   47847   13907   20246   84194
31744   91381   55309   60641   29120
54578   89915   74008   20495   58082
15169   34007   99626   29521   89050
28260   75172   75045   75833   30685
11019   42892   23775   76054   54137
20816   41257   91608   97390   70473
52031   70400   78655   52914   88339
95124   54733   84079   24993   9098
37711   35621   54684   62245   75509
9331    71540   80146   50667   1609
53799   79474   63631   37685   34841
88479   85716   29936   81012   76810
95711   75113   74148   89477   30760
76550   89566   95146   28815   5554
30856   17533   45537   41811   92175
91898   81743   35524   30516   11510
90243   95389   55653   5568    86082
11684   27796   56968   31416   75697
30359   554     38719   33094   4377
26792   9447    82756   85386   72330
50620   78399   76069   79328   35895
7739    78609   8064    42182   13541
68864   74556   89891   74274   9422
14036   51925   63967   86363   84585
83311   85807   61025   47359   55702
31931   20159   84745   20348   3761
12068   54669   72195   81804   54801
69470   46380   36757   13005   46672
97633   43439   42240   72122   26331
92453   77741   14227   59014   15646
56663   91934   72445   45187   73303
5797    43640   14962   94945   25914
70623   46215   40518   48788   94302
35764   90615   76401   69456   87720
59401   66558   99890   75259   67544
45461   52323   73093   43701   97446
9098    31187   40182   54125   95921
99636   23499   23518   80851   23712
57003   8439    45645   12328   80819
70442   74341   71778   18440   28164
83569   39430   42441   43313   91607
330     12462   96497   4436    44414
69418   36642   48506   28471   5995
74520   1371    20590   9626    97650
40183   52444   40148   29002   49575
42007   59962   19764   39698   7953
62880   86405   208     26766   91116
55272   77404   86696   81822   8380
95728   52984   29810   22234   28499
15791   12935   80717   33530   48709
18990   76140   80230   9882    78426
93647   75811   86170   14741   29351
63351   44180   22217   97699   53249
98595   77394   73661   14647   37400
83603   83792   19818   5143    63142
20162   46841   68839   41055   71179
29913   538     24977   50378   4562
38877   53588   58310   31912   9111
54376   48784   14315   48881   62211
72947   52463   69032   84472   17088
21808   6832    5974    41126   49378
18812   44600   49434   15011   70716
15687   22289   57803   87133   94900
62278   10092   87164   22416   92405
72565   54540   91094   51013   78474
51439   27401   31898   32723   48001
95882   22168   30747   67475   85367
4495    6528    57062   92154   95524
10784   77690   32908   36302   44654
98097   94136   68103   93847   69593
18508   18052   1412    3427    70992
50657   47136   95423   22997   45996
76956   15487   20469   88187   68454
63267   93194   83628   23953   83300
73456   94117   34647   61028   92044
21121   8783    55394   68579   18681
38470   3981    36105   53716   83623
64391   30262   50391   63086   46134
74772   42176   65630   45156   30717
76029   78684   67986   26916   64949
52350   15364   6801    86405   58592
82165   11155   73908   48271   64385
75867   15954   57790   18972   85667
10341   38071   26163   93797   53988
66399   62938   78547   92288   58688
25864   73074   69386   50345   33226
1172    73694   55872   62946   11233
6450    991     8630    85091   67525
88448   34530   22666   48987   10372
95294   92395   79935   26913   45649
29053   98471   12158   63972   96601
92597   13688   60273   27412   71502
72638   72005   17815   76342   16894
43754   18673   49579   56254   37886
21343   707     53997   36564   33443
79513   59832   3140    17306   74305
83910   30041   17997   94960   50582
93459   90705   13240   61187   16499
75470   91790   74062   3120    97504
58383   13962   41653   74158   78419
26002   69861   33467   46125   31724
48515   38892   24433   30484   85675
96192   65877   55138   80841   93259
92795   70505   85677   97345   10716
64015   84330   76928   78544   5000
29829   14428   70146   65922   18294
62599   5389    59733   95519   98623
69160   65565   97343   44173   84716
44774   15641   78448   70089   31714
66005   63044   64693   32942   6313
76758   18120   71458   20860   51582
80200   73526   5226    41155   84430
39768   77939   35848   55144   51612
84896   16991   84479   71409   61067
78850   9102    8080    62195   10992
78594   39715   12164   56998   80101
85628   91571   58163   90511   56383
65537   9032    77569   21222   40718
67928   29999   98938   77771   74653
26730   20411   86327   11560   67829
5080    28775   21249   24242   26007
94765   8046    80940   26524   57846
9636    92158   19592   48848   23089
78262   23297   5899    39773   43582
84293   23787   19572   49041   30366
11614   19189   64687   91895   20096
25672   81469   63301   29798   83714
35940   15329   19699   91038   10956
6081    77383   33528   90329   251
18244   14580   65793   98281   98661
3977    6563    21201   27951   99462
85244   30199   90944   56624   30386
85567   94969   45243   42742   46966
89822   9357    71780   56739   74771
48606   10000   36045   90769   5483
15676   50364   97794   41599   54252
61031   45233   7605    550     29416
40600   13113   31436   91993   45223
13401   5488    71317   21985   85859
54474   2935    1080    63490   88764
98181   59029   55785   4099    32152
90136   79306   78672   90762   81480
49464   94206   51344   12564   43768
84701   83722   76428   61834   52317
10918   41806   67143   89905   29118
79465   38424   57386   44657   24828
16231   18193   14518   33754   71959
2326    37223   9567    10362   26345
19667   2464    35004   8868    35293
19221   98130   51505   51441   16751
24030   92882   53638   94109   13290
30416   1480    46241   12733   55420
52423   26659   60492   70930   57572
8987    71827   78500   15162   99063
61326   23133   79055   35611   2293
29079   36052   44418   83689   59986
84693   65743   83204   16180   37932
7697    27873   95378   92388   90221
56990   90885   54059   12402   13264
22954   33501   81384   32858   40325
69242   94171   32580   64724   6989
1932    33829   10110   47494   69956
84075   69498   33879   51880   87743
87003   87600   33204   94470   68846
14983   68241   22618   65360   7157
24223   36611   38482   3897    7088
82988   93186   84865   30204   59593
7142    95120   32551   12824   77676
92898   8814    48482   44268   97429
39428   5138    26891   95000   14306
54883   37976   63155   16881   21733
79295   15836   48387   88384   39299
82378   9213    62742   25362   17488
53316   25376   55879   89881   6133
99060   43482   66225   17245   29512
38384   71125   35412   4705    80740
21418   57760   42474   67732   42502
45180   48747   13567   18876   95394
69044   64634   20572   57977   31289
4524    49062   28244   97951   36355
15757   31090   63928   60546   73309
40549   65802   42626   64273   79802
50863   20892   69557   85843   65698
2881    25648   2975    14671   60967
82442   87019   64271   22642   96925
36281   95850   9925    60286   71305
92381   45351   15126   18373   22483
18586   60411   20240   86607   55684
34947   53490   34501   60875   5572
59009   36451   97948   25876   88017
73727   5720    40836   77959   88117
93147   55637   79853   20551   75461
67837   8453    49449   71517   56546
4244    87900   30054   71027   27875
67030   19976   29762   33484   50521
66888   89520   59223   76202   66720
7956    30740   20632   68612   20645
57489   94145   84194   43785   33711
91207   73274   58738   42412   1925
87984   64153   64419   98837   48706
64459   31195   90824   98787   59189
57675   75179   39627   37049   26811
11227   16791   34022   33818   59568
50764   57453   2383    98710   29619
6058    63322   90833   95137   14574
93959   28677   58179   39041   35231
74133   42330   14069   48817   63357
28213   15547   29987   6713    61690
48360   22965   47560   10623   87597
17948   19373   8106    82      80887
38218   22027   14894   48009   70926
60184   68304   35861   92169   60061
15994   50399   3677    54948   21427
31721   17093   85255   28134   74604
13421   82706   34116   30805   55878
62563   99932   83778   62273   83480
99258   81942   44319   91504   42047
26447   70474   64987   59760   12328
76295   37114   25131   39906   88246
83995   31768   90883   51355   1878
39896   43502   7864    5850    18587
88471   65556   79311   66512   77546
9092    88515   59164   5842    84115
98859   60424   29399   80773   11919
76015   41934   22806   78356   25960
99266   3789    38111   55707   1001
28737   28448   65025   36561   24648
26225   88606   36669   64150   34816
89349   86472   52138   17447   56921
9486    96403   13895   70018   70828
36501   44461   66238   45408   73626
87147   97704   50731   12831   22775
27916   65853   32746   57444   27178
26421   29831   92761   87262   15241
63248   28030   43946   91056   78969
56295   72763   16891   61330   93745
90864   72899   70442   76866   29867
10786   49232   66512   21136   90996
28384   95033   48706   61332   59915
72309   27425   1702    95251   65678
74755   50555   56115   87283   68699
2409    2407    52574   96778   94400
12507   84460   96754   26636   42711
92159   98458   52031   75674   7674
22056   23015   53630   4174    17044
91275   16317   97011   40955   54986
5517    71914   37374   51817   68491
67534   79116   79108   93242   76301
71385   2132    23774   62056   21849
50001   89903   2431    52267   72794
20772   28227   32297   71080   50484
40421   59734   41469   67801   26607
54159   65240   99854   37515   83985
80301   14635   8953    11034   79499
73724   32989   71596   69492   58628
30782   64393   66360   3571    67414
71948   18204   81882   48379   2931
34217   3081    99336   30016   92107
27260   80861   37818   31637   12316
12640   39624   48227   7716    81087
86053   84459   67905   89337   20860
48051   68479   29857   31685   11036
93326   21892   44203   66559   94086
96126   1007    68521   55198   80025
71877   18306   86472   54620   86394
37535   28993   54631   71876   52494
86088   53668   31341   84918   52902
30016   74021   35625   89004   63948
20524   85416   37478   6271    11865
60530   39131   33026   69150   36909
83463   67181   2050    81931   80666
40947   77959   4806    21209   20341
29741   60713   46971   43809   35995
93539   70978   39908   60792   85518
88032   13982   18648   8377    90426
25389   25058   25451   59696   29074
17746   69655   81183   88791   99153
65752   48175   67887   57709   7569
59153   80524   31551   67515   99893
18548   82549   81580   51613   64588
76634   16631   29721   82832   58599
18501   35613   61857   68555   81921
13822   25197   70777   39711   41589
5135    3238    81169   5616    41384
14426   7131    82717   14724   34292
8326    8898    78133   97957   17228
15835   16794   83682   8252    47311
46586   73220   58964   26432   5552
32154   25200   59827   88183   28667
33438   78861   78140   30201   58916
40649   98519   35811   28493   12186
67176   29140   88514   49441   35430
58275   56274   53907   31341   51501
36113   13241   63234   79251   17747
76798   71030   39235   57899   12485
73958   47570   29703   84143   99749
17781   90338   64502   33926   71748
26407   77210   239     97611   69105
46284   21959   54720   28566   66278
39637   60327   15934   35356   61656
44609   68461   92365   82204   84795
44767   46315   2119    84381   37325
13994   47044   1888    69226   46223
70447   6363    25392   58044   52460
75326   24572   14258   25379   24421
97106   43786   12241   33090   77945
93442   72481   13289   56564   72855
92940   28288   97236   7896    63247
4478    78021   94628   50959   30144
45855   53105   12309   31741   57039
81304   99290   38784   79890   71626
99747   23424   67517   73439   76864
39591   43845   82109   52092   81318
28729   11651   41895   58406   59787
41300   16669   64598   53930   27383
546     68963   97545   24755   80516
18945   47865   75304   56091   668
15541   22537   30431   21586   91199
51113   16393   92117   90737   66132
53859   80754   76126   1511    17457
94175   20366   49422   5880    24006
20243   18311   4864    49669   12475
91447   46853   35165   21242   48045
38187   79537   30442   96192   62197
88768   19294   55556   10923   30224
10321   56452   56854   68562   51082
97696   95638   63673   48163   31120
48251   11      91138   43929   97528
50626   98586   39924   43875   87828
95167   24922   12496   9570    60283
75873   53686   82284   52189   43481
58114   47494   79038   89233   13200
19355   70566   7832    63267   23210
29559   11317   60541   62530   19652
97682   7769    16277   813     8210
286     37154   96096   16924   18506
44782   47818   60243   64835   8721
79862   30250   65222   99395   61238
71872   73255   96793   12229   3928
47155   35031   20376   86054   86777
30785   51455   2452    20791   85571
61902   46999   49816   95885   33150
40787   9507    73331   56029   90033
52613   72623   83377   26916   57473
6432    11447   68457   53212   46525
57097   75368   1241    97872   21617
35466   14172   49184   59759   34046
20643   55853   20782   5703    53211
53406   14707   75507   58567   96328
42068   79256   85609   60173   93731
51239   73220   3516    99235   69376
40758   62617   48395   30112   64178
74477   20850   75868   41839   96260
77232   94829   84407   69639   27948
91084   6573    55549   18870   1665
13894   92756   88623   22429   61030
69409   54689   97189   44988   42075
97106   89086   56978   95366   77321
43277   67556   996     17578   32803
5009    70795   8669    94104   42406
83214   88774   30111   25092   5301
19051   3333    11994   15604   26286
41576   15442   18530   60800   50695
74429   71742   42179   82350   87508
48812   92214   36741   28558   57000
78053   35964   59703   57274   69964
93973   74018   77740   13081   93868
22746   39415   2100    52333   75819
6600    34187   37307   74863   18530
69849   33432   39455   59055   48870
64046   87118   20921   49910   35487
3414    40814   22090   1808    33163
89996   65000   57335   17889   87321
30586   45580   51117   86458   3854
98028   8131    64247   32989   5204
18397   10452   56711   95524   46248
23865   41698   42715   36825   1647
44229   61082   8920    36214   2775
30105   51807   24487   71647   66066
50294   48907   98512   67080   72501
45171   74110   75909   26421   96812
85901   45744   89401   94539   62337
68280   55050   25174   23178   9429
58041   3903    72166   41455   777
92588   67061   61484   82188   37170
75546   49683   98877   48568   41905
98266   28167   79621   88697   95189
73425   92739   97987   11492   57141
58195   7183    11495   43992   27711
66970   92726   66461   26832   77720
1114    79712   54690   55786   11782
54622   10754   17312   27996   21072
58682   10905   51154   50306   19895
37084   48693   1445    63784   75904
18105   52555   24230   62150   18150
86172   96842   77535   46127   1804
64703   68096   96711   88910   47582
46210   97110   52606   63031   21193
83563   19717   35016   70270   18046
96335   43862   20163   90801   22289
25934   60504   49163   72398   14492
71689   1791    28039   73494   13751
45155   58359   90083   94278   67578
68995   6116    22601   55371   83862
5635    29821   14805   21063   23529
88651   58579   11936   80901   9593
4699    37169   15975   42312   90358
2524    25102   65003   28338   1554
26186   73388   52365   32208   51259
35091   57155   91084   36552   23436
17365   24981   49366   12238   54010
74659   42307   37522   34036   92738
57123   30862   51697   19831   99927
8229    15097   99656   31170   75998
19820   58804   79358   34354   59904
52049   59974   44975   64205   40340
78628   26195   97784   34957   16948
27907   70724   94487   64916   72886
86253   77152   36093   38798   52496
24804   79835   95301   86582   77622
76556   34273   53256   49370   48752
22098   87400   53697   82351   55175
34364   82111   18079   70882   62103
28101   62653   23351   80301   68550
10319   18918   9325    97820   28308
58355   28674   11736   5837    85447
32720   37519   80161   78262   75351
73621   4854    36107   31475   97854
37146   55192   60309   68925   12377
72229   85177   18107   21254   4047
54365   19247   25320   15680   34550
14330   79786   31734   31513   29389
11669   9343    20354   39084   31206
2059    99296   84527   72868   38998
80817   73758   50031   60852   27761
10692   23270   14434   13880   66391
32867   28954   53146   63110   87846
81598   36259   25974   61269   92670
95249   33659   49793   32747   81600
84662   93397   30190   14058   58570
54808   65581   42606   71087   60312
21071   60613   94120   15888   8248
30372   53228   88224   48377   97135
58694   98890   98436   88559   82864
9358    79862   47241   10614   28074
12927   51000   22371   34664   5004
45576   74706   82209   19509   85833
53176   90228   38184   6115    94755
84156   14088   14167   2097    82088
46638   23423   33856   32648   52114
98585   20791   83789   36893   9506
36206   72344   99778   77948   34307
16137   72723   30904   63381   40776
92375   5030    61236   70876   86942
35322   91204   7222    59100   3320
92450   73068   34282   24419   45481
19585   30766   99656   13944   82468
72419   43045   18300   53397   72941
64030   24450   87581   4782    3969
99441   78725   64518   73935   79257
63677   28422   73436   27839   39585
96385   74969   20287   98381   20625
24754   64132   56199   12410   3964
4157    15080   35241   97996   21055
19811   35593   38065   74613   51680
37825   42881   53773   18983   69299
91752   91202   30117   63545   78038
63134   84130   40527   7461    50857
40047   2907    40863   8178    30066
91215   73278   43532   1923    8525
11698   90492   42688   39008   96739
27222   97406   60815   36565   29999
51532   74650   75706   58368   56835
98894   13688   70142   58094   6985
60918   13823   7141    77823   35014
60955   36236   22462   19074   75099
70280   26702   10280   44721   99867
13808   41845   87304   60134   72750
42558   76274   16289   52914   84090
2248    39841   21782   54544   79944
53575   54148   26878   74169   67164
87869   87867   5768    16511   82645
6026    94720   97278   23423   69911
50748   26012   19220   1925    55543
20823   95412   27260   51861   26674
29729   23587   81986   70290   50086
5428    62787   20378   14630   10752
27717   57412   93315   71787   36518
20970   18745   25619   838     92783
49074   28862   26359   60748   309
22894   42907   21682   38809   57666
12017   52899   92538   96369   13769
99782   31808   50456   39426   93161
37489   31953   93933   95724   86840
10351   96343   56420   75155   69780
41293   27557   34535   86670   812
53106   22510   39702   46952   77957
93760   40868   41027   55016   3264
51640   80343   7686    77411   67528
58424   5519    97598   36790   79211
61649   66871   32242   79107   73412
16601   14925   22589   82169   20438
53742   50228   9520    94289   39972
37723   345     47089   9925    2578
62214   49243   11634   71945   70153
76916   57726   12507   40175   72258
19815   55621   1668    28376   55846
86602   63423   45107   75981   22769
63289   56103   32819   32902   90421
25627   7659    48705   81665   7816
43175   27348   52354   30673   23123
95369   59020   6606    29103   74919
41784   7679    66286   76736   65950
25418   26959   640     34270   6475
49017   84520   34849   3382    32665
2397    15869   47612   24095   50903
51782   37702   26315   47921   51046
51574   72605   12405   87266   83236
92651   22514   79525   1626    58183
77040   47454   32943   19013   53064
14422   16487   39401   62679   68787
96341   2455    4595    33460   98945
71482   26108   51704   53808   69348
98746   61932   93624   66630   90134
4068    691     57740   23037   55066
98590   82860   48839   81724   17609
14073   12862   33080   16967   73349
35852   79089   32312   73499   29849
77011   88166   48303   98916   57700
39100   17645   53735   16851   69154
3048    50980   71988   64857   59725
49923   24163   37059   60541   28324
55840   64671   50975   11616   49984
36793   27992   32597   45423   59458
61756   76562   35155   75486   40503
36815   80599   77602   66438   78086
15611   72466   97058   42240   88826
79948   92404   62261   53177   29319
66633   16640   14408   79371   44790
63152   958     20358   36422   6822
56931   99595   66432   87144   5547
76638   87356   27439   92379   30297
40882   64441   50112   4601    25059
84070   22783   97113   73581   3823
83553   84271   86650   83520   3735
9936    81414   40576   11193   35297
81194   12183   48675   31668   41773
51421   67298   86329   9645    69947
2891    63441   57914   63729   27518
85802   42828   79296   9986    8394
70875   77104   49531   61373   53870
54432   97499   95536   16776   46692
74698   54301   79042   80908   62046
96165   98691   98336   28137   64205
4890    81640   45041   70630   39040
13424   58302   60256   2663    48382
62593   48533   12240   33820   72685
44521   18752   88980   16415   62892
86261   87766   98491   23289   25817
47413   16187   91222   76160   78330
3922    38242   62994   49816   37744
22763   65504   87256   5940    55810
40283   83275   54662   24913   76454
91733   53096   58299   97430   17648
63163   11284   8390    86271   60877
26117   22855   63667   47198   9801
94004   38082   34288   87529   57336
44892   20096   46821   71430   43615
81058   31968   57330   13998   91490
79316   92442   33295   6370    99125
66717   28094   99860   40989   87509
41346   63477   49897   84710   10946
10766   56407   71110   85432   12392
31215   73425   41986   45330   73289
31540   9820    6048    1186    64694
16030   95472   47080   11341   89921
21787   98946   19726   15494   61280
76682   50283   6292    1243    69142
39976   15592   41049   99958   62532
83903   66071   54602   14371   6950
68437   62588   95455   10617   65226
1949    63100   41762   97604   49465
49453   66804   52628   78736   47403
94209   48414   33944   86104   68600
48029   60694   79597   23050   61438
41539   7672    69512   89820   19649
61479   31246   86634   98153   12782
8593    73125   74538   12795   73844
76943   99941   12060   70702   70270
68523   91357   68486   80161   87121
92169   27902   96467   13405   96485
30018   38114   82011   94463   41310
19934   77379   4847    75400   18741
1556    57713   84255   86760   84548
99764   91369   62832   74477   37274
98980   46352   30074   7707    95756
55248   55319   40409   81404   36432
90860   23022   18462   10288   69211
87830   26083   9604    94230   27589
45266   57654   82583   92184   22537
67122   50663   95469   98513   37390
60717   56028   92592   44123   82628
43350   43967   54628   37574   53592
91933   56186   36594   5901    58267
24451   48053   15409   41080   2394
30470   28032   22650   1308    42932
27768   3840    43675   34511   95432
28722   93361   80393   48289   91750
15867   9936    34945   64654   75887
71207   31396   68017   53071   55784
46639   25302   45715   57311   85121
34685   40141   85554   50662   43705
22387   69186   66545   36950   89129
7376    7861    65627   66105   79481
52162   14413   34635   54933   17540
27189   75904   91539   61736   508
19822   54093   19349   50530   96304
50874   24270   76865   97587   97315
68313   68949   6270    78448   3132
88433   89061   70848   36763   47293
24359   72918   7241    31622   27751
17478   19975   86539   29637   85167
77459   5095    27321   88949   34732
72053   16707   87334   70902   64866
78611   9673    96012   18460   45997
16450   81555   98320   19762   67807
91583   85022   30219   40031   93887
96172   12536   4523    37100   66011
96169   85975   9236    12907   96696
8763    15550   98671   91650   54215
3895    29133   72833   56719   83199
77772   8575    8679    17015   19179
2273    88399   1457    37433   42334
13770   97842   84137   77175   62451
65739   87738   31110   67079   8510
56684   6863    9813    61423   27057
40424   54388   7974    48370   12809
13372   43077   66350   58102   69993
29819   1670    37901   13454   98290
54819   86805   50792   69830   24035
92380   39508   79436   45151   65894
19709   21045   34804   81358   59908
69905   72389   46025   36825   63238
28835   3649    71040   71089   99292
62128   21607   46936   42052   39528
94229   21138   94067   83030   23530
75641   25618   52713   42070   60989
88816   54491   60861   25170   77172
33838   50627   9025    82826   32073
68029   47917   36395   13911   83356
97610   12422   75702   42390   7579
55084   99995   17664   89859   94482
21277   9206    88915   88250   14976
10904   35100   61731   84109   82888
29715   95407   81638   36453   38159
13269   9103    31644   13345   32450
91469   45394   33189   94428   22183
87899   72161   33575   10564   40727
15485   44756   18243   81739   26822
53011   50880   62002   99590   84387
85231   62251   95779   48538   56643
33949   5937    51138   73432   86279
30463   64352   31127   23182   61520
71290   28039   3654    20392   67753
95892   34163   47116   10684   86467
13786   74368   86660   15324   11561
1971    55227   29305   28195   73585
15293   98486   8391    99378   34959
38365   66286   50808   59078   67863
69043   71082   2966    5193    95087
44953   10992   92154   96632   58036
4183    9673    35993   76303   58127
30551   98663   14406   94054   99444
23515   83931   75990   93869   65406
3368    39112   18343   21644   18826
8848    64917   29257   22564   20213
84233   75947   19794   11472   17452
24652   90423   15013   45354   7060
82776   18826   67422   6218    39971
21877   10427   71771   62412   72039
5920    70894   9961    29588   70091
36830   1667    52264   42502   72861
37116   15916   35519   76442   83694
58038   45786   68156   64156   57482
30860   19993   38388   49212   83433
63869   94155   56857   51774   41554
49162   90968   40146   61464   89610
9767    41819   4682    54674   78144
54153   10393   88495   45423   33483
18799   34855   40086   54876   53097
76426   23731   97369   51471   82874
19451   40977   81657   89703   39192
59816   77561   89609   87891   91595
98124   13297   47804   81547   75289
37313   90876   35672   9838    30710
93848   75952   25271   38880   23550
64731   46965   51880   6915    52050
25262   30925   4666    85908   13296
24697   18180   79958   56664   34332
66913   29899   46274   60347   82563
7337    94903   75018   965     75333
19519   93834   49012   65353   71688
88242   18007   34029   82168   83267
24029   7550    84098   67983   63325
70024   74429   46013   24917   29718
81180   72071   90766   17626   82585
53740   22056   16776   10846   78950
33372   83468   61739   85911   61788
82097   57050   53641   52210   57350
59001   63927   28158   26203   95697
22750   87807   67129   27885   28391
97989   21155   48227   73711   22693
41479   96359   93466   42743   20860
38902   8558    21783   78907   11839
22048   84549   94430   24245   98219
31213   86272   95015   72864   73780
76052   6848    77241   94933   59674
63264   53071   1978    74166   76393
73514   63842   68727   26948   83476
34037   69051   22191   18930   35154
29128   65990   67728   64752   87802
72430   38184   24621   33848   98496
95621   96841   99774   47837   69311
92391   24719   65471   40402   49487
63538   27135   66020   79466   78467
31844   34264   43889   77877   77128
1140    99415   16533   52439   14764
14609   66172   14117   70507   741
43710   57985   50328   39793   84727
18291   85563   43989   40703   34239
61612   46923   11299   14669   86943
76804   58061   96393   31269   42590
14252   503     35620   89945   63408
91783   46575   98803   73055   88706
63224   91160   37221   87588   37047
38772   33288   8001    84366   84587
25502   23372   44177   41627   67949
74      93334   98783   63507   58619
34293   19910   53265   73675   50027
37423   5417    55785   25735   61747
41079   34003   28920   22702   81489
51424   67795   49301   82479   69177
71042   57288   60572   69310   23216
15242   94463   48977   61696   12949
50010   8625    4207    80581   19341
95794   49596   60804   54668   8148
31750   76635   82158   79104   56485
3931    82701   26762   37426   82098
79809   14562   30345   7252    85727
74121   24158   89605   79607   40473
77268   1981    88006   59967   94728
3589    8292    4533    75992   62463
77041   31354   58077   36652   59737
39793   35356   41927   20245   22378
86608   21816   37829   81784   19444
89008   65887   27336   76641   66449
12507   83818   70452   13744   74335
50715   39059   57945   98177   75283
11946   94420   4653    20092   35719
14412   69490   94013   37840   1884
26783   59081   56284   15400   74468
72572   436     52112   18736   46551
79348   2538    11902   80756   62847
63010   515     34597   42206   63511
37057   78222   45405   46854   31871
92974   46411   56505   75647   83468
36106   78819   45773   63054   14641
6094    99596   66844   68877   55924
67741   62646   70742   40807   40909
50851   24744   21206   42089   29649
62934   99143   44726   49967   75518
37489   29916   11425   59053   40384
94611   37250   419     39568   4435
75632   94967   88025   88722   28293
78820   34106   33108   13073   97872
78386   6971    89129   4017    61155
73527   26925   60476   82996   62958
20489   79388   45409   37958   6499
35938   61467   57583   75205   90998
48205   10476   44395   55306   40619
19466   48070   35298   7796    15216
49063   21693   95038   56542   97447
56350   21766   57284   2955    2848
41442   34192   90920   57410   45124
84776   6290    58627   53521   13974
18917   58034   75286   5896    64621
47507   60943   7482    23553   93494
73127   95758   17423   56439   19163
47312   30542   5932    11385   23721
12874   56146   23280   26049   66661
86079   58403   94981   45433   72852
16907   64659   78208   77873   25490
64662   92566   84460   50859   89779
50362   85377   44358   19872   53369
56336   22485   50619   98821   29914
40008   12623   68397   58642   43790
99422   78607   77116   74085   16419
14297   12432   15992   89653   61089
7125    25131   41448   18467   21615
30468   69902   3904    35440   80431
29447   72253   23006   82722   93916
9380    35383   42111   89475   85246
73105   66635   45252   42523   31149
75152   54099   75435   43962   72939
89748   43889   74946   82682   87909
43992   78231   62809   41048   65650
74061   72034   3360    74613   77963
52201   6519    81603   55887   12295
75770   80434   14731   47246   87647
29826   2183    30587   6591    67152
85074   72275   38368   74193   9761
99563   7100    54721   96964   72389
80796   66116   73110   4910    83638
77910   74652   55395   27600   24977
56633   14157   63471   40202   34809
71725   10693   95853   36692   68325
92024   90926   66099   25482   840
64516   54335   6662    31699   85706
16000   33918   87386   90593   15564
60783   44639   70053   51859   51604
10424   90368   62315   46523   23877
2372    86146   31567   92324   69071
3840    9821    53511   39320   80096
8970    81067   29613   78234   2743
99599   21154   15691   18604   18811
63753   5372    99828   46742   7310
76779   85492   33008   63661   51746
83780   45662   66402   82928   54969
80857   957     26728   63128   41085
42703   41289   38039   22433   57064
89923   99997   97935   77903   42933
48352   23756   20803   2706    72596
67260   9100    1288    70      2652
46142   72901   50323   92416   27342
84949   26410   5296    13693   25608
15257   57377   19468   26490   10758
14982   78187   20993   29598   59768
81762   91891   15305   95674   31197
1869    40678   48957   95235   76288
44889   76835   81647   42423   67428
33571   67528   96726   38944   17308
51830   9681    98637   52856   82585
10532   14797   28391   75595   59032
75880   72301   87105   26099   20443
35139   33402   51328   90706   18813
60202   13708   58218   28852   94010
25915   33442   63193   68283   84510
82398   82257   12032   27662   35617
93578   50514   94590   40897   90824
31872   94852   64965   39928   9553
82285   91914   96055   43899   31214
20336   62679   35501   36232   64769
93626   72628   89567   41700   42207
53388   88438   50762   23750   17703
7336    52548   54200   58188   59385
97611   41675   9287    78689   42643
71251   97073   3081    3396    65818
94436   6736    3315    28205   90639
22739   86746   62098   21303   30740
66028   97595   16943   92393   98623
36544   89553   30035   34907   82230
33116   68720   10228   59688   74493
44382   70996   87211   69745   83287
11633   66161   49474   98248   54145
4860    93962   38106   86474   46191
86821   25183   63715   59584   98001
44533   77516   36691   29152   65833
91773   84982   26329   416     58072
84922   19622   60875   28575   23126
50578   86528   73864   70819   33068
15557   86969   47474   83447   93250
24167   29219   69419   1624    95912
96984   49859   17042   7852    46638
55996   62189   44673   30112   17391
11047   76594   210     78224   52265
12014   80191   95383   14713   31653
39886   62144   83085   53396   85273
49561   45687   98877   22207   45210
41088   91388   98390   66719   81302
79759   82795   41578   63641   36240
96119   95126   26229   67021   81198
45058   93490   57755   64433   68069
7318    8646    57494   65266   3507
38940   41739   78363   4878    85953
23678   67205   89378   94984   23141
3455    19825   32982   19163   10622
20215   55104   2480    37853   54756
27981   25331   10103   69732   74414
31631   67603   88068   68017   50524
48467   78599   70439   14019   49676
54291   19728   8052    20253   1095
23239   68672   46308   36244   59258
33420   20512   369     14405   15971
26252   16858   75810   27251   65644
52657   4949    33585   71120   4447
35406   92465   62080   3948    37173
81174   91451   79947   7972    97931
40216   58153   37429   53562   87132
74379   58670   46629   41152   21938
61619   95584   56634   2755    64961
75320   92603   68987   85545   73184
56412   59709   41942   10456   4685
97713   39798   85161   76417   14935
32585   46491   84537   34182   47859
29662   79826   32997   39157   19961
47136   22428   35997   48768   13445
48630   48128   33853   99875   50004
89686   1757    99652   21503   34070
28723   79215   31749   16989   70496
43556   97480   30747   74659   50601
53468   27956   4866    94628   35782
78834   91061   22447   7396    12200
929     62135   53151   81743   63839
87762   78174   53059   60604   10768
52944   12689   7512    54619   54517
22633   47541   82643   56122   60023
93685   12338   22941   98758   53464
25895   61907   37858   15199   20681
36461   36208   97102   61787   73631
69467   25407   47979   78777   93762
39269   67462   32448   21521   56867
49305   48299   65580   21384   22362
36581   3610    13879   50361   81446
41160   22610   12322   90456   34554
76591   40784   12438   40189   44413
5297    83121   32353   67403   66691
7245    72642   69340   32833   7756
79882   86019   47228   16021   45891
84116   32894   83656   28857   1847
80447   9805    23292   75409   63970
2769    78739   60875   75480   85815
15467   2239    24359   20831   56956
91834   55026   35448   70872   58948
73834   19274   89979   57227   47259
34686   4420    50730   38516   22532
50250   33405   28615   5497    65278
38170   83567   64241   24454   97579
16722   85209   17113   51669   13446
1773    70994   30706   60416   26132
56488   71256   15995   37483   37819
46888   67692   98512   30537   41360
9582    19561   31756   86937   45889
54258   97837   4437    30496   324
69178   48414   26828   42925   84932
39708   95294   41925   19395   13007
29634   241     35502   25720   6964
74871   30039   98079   52866   49963
93675   42555   78173   835     44408
98008   75587   69951   61528   84634
9276    95842   44953   18818   44229
96275   33277   22284   72948   20987
58565   58307   51701   90794   88985
79569   88499   76904   87768   69166
67160   92343   41341   65048   88774
84063   41880   13157   56079   50834
26726   32690   78799   88308   84136
33920   32322   88922   89551   89135
96569   27928   97762   93822   73613
29173   26356   84052   40590   97054
4167    56544   88080   85800   15745
19667   3421    18727   49327   583
61853   9554    13944   40781   71521
90217   19102   30033   9260    94305
32287   1363    90972   64613   60949
122     69989   72480   27358   14058
55581   94966   46061   85497   7874
90879   38690   30946   23075   28892
47084   84907   63524   1519    91504
26717   37831   80021   15588   46101
57490   24329   79584   44131   1080
37995   66588   5754    55069   85789
76193   73635   58463   24494   6331
23745   80007   25121   67234   87379
8625    99488   38718   80429   21424
10561   11719   94105   13117   88217
39040   18938   73547   75531   3906
44824   98944   87226   85051   36989
34100   8913    10304   75713   9354
83296   97952   23752   97409   18480
12476   61993   12434   95096   55048
25452   81836   79668   55702   83226
2773    36963   981     15865   55987
26224   92576   54610   14156   11884
16106   95341   94326   17245   27268
47003   76010   11210   73549   74886
53940   49202   56230   68655   78069
64179   56499   88572   38120   53318
54953   268     86576   3740    49860
21591   82786   91179   10683   75682
80896   35479   1968    28224   12857
57993   17614   79767   33142   6218
85736   55139   40211   21198   18174
59447   31941   96815   77142   13144
31009   25282   39772   28459   29619
54854   22482   49996   37812   34844
18613   96277   30566   40477   18585
39375   46504   38571   71277   10114
26881   87567   20966   77839   1414
33293   54463   81717   49137   11893
83022   56123   58736   64954   61638
25087   7609    14830   27389   3929
86658   50703   83849   9796    92246
905     32176   28933   99612   62207
76382   24625   1237    32755   94770
79659   65319   57734   98410   28527
81030   23068   5396    82186   52401
52270   87952   63257   40854   47414
28939   24162   38656   76962   34076
20433   10530   39939   1805    2459
87765   57613   31171   23201   85137
40618   72324   73580   30619   8114
63040   21261   62258   24818   53723
1502    77809   60338   20933   69974
25729   78870   2845    28881   75415
35006   79972   7073    72198   73067
13107   35776   35683   69732   5603
68583   35579   46073   92171   33397
49637   6795    27966   58848   87780
33785   31441   44666   55442   51514
11693   47613   48590   55846   92964
78261   36729   49692   54222   56363
83576   25387   92211   55829   23086
79401   32501   58903   39228   80628
41711   99709   8284    79079   95890
20489   87506   11148   66121   19798
15696   22031   56936   86171   7597
45375   85810   66835   66781   43145
75206   51673   85476   58831   22494
58450   5598    21841   75569   11705
14971   80980   4389    80626   1946
9345    55510   20130   28900   20064
44667   97161   85867   41199   75761
48898   92128   6650    85258   39248
84842   91628   91719   64667   85651
18078   71775   88184   75666   32221
5711    88536   67996   25440   96342
27627   57482   27570   68928   21561
43530   85093   80904   46109   49665
45771   71634   15254   37094   14053
47668   91369   86729   67466   64559
4755    77485   77357   79228   6442
6498    78298   52425   24810   7126
59097   59387   90976   8074    71479
39191   83416   17426   28253   71391
91142   38954   19988   13396   57912
79402   22696   51872   74167   25308
36199   85779   51330   83691   8095
59023   9707    17436   94141   27958
79399   16018   93090   37639   11059
46748   17476   87287   92743   60186
96802   65434   90350   42567   78999
42972   55367   54874   46984   3597
66226   10333   59656   1841    97119
29928   65360   2787    47088   83240
31371   80254   77373   55462   26278
9478    6498    84938   88645   12129
83832   33692   81325   56716   92365
3097    78509   1164    51142   16756
68882   95157   25004   21285   55107
21432   37390   99524   902     47080
7626    35990   44016   15309   6159
49384   1399    60335   50432   50307
52355   39035   81127   61018   37986
95276   10304   19635   75067   74848
14311   66146   31407   58754   54007
96569   34001   46685   30380   45598
82513   79273   88791   2797    1368
18525   11068   67075   68260   53548
71424   56733   10054   42772   59598
71716   16609   43435   79645   78662
89371   7096    88751   89738   60685
17824   26426   57880   17077   83847
98133   7557    98996   81564   93887
17302   97225   63244   47329   57717
39685   57454   76138   38993   79031
40559   97779   5246    6734    47591
87308   40923   56335   29591   78407
74530   16922   53321   10363   41630
42890   66062   10930   15672   4686
66946   83387   94904   77564   22676
72809   28808   38490   11607   56844
17128   26684   62897   24574   90692
45425   30540   14685   88264   1573
95983   65995   71276   46716   491
99190   24274   37079   36633   55796
21091   18887   30778   48581   36724
17680   57279   90502   39631   28747
29032   66577   88257   36968   8612
30212   36257   40048   906     69298
31716   33858   49993   41821   45449
93997   39078   65608   22811   93324
74274   63946   96029   23950   76014
80529   90958   10908   68425   68686
46156   60034   32351   36613   73192
70528   52513   10774   61722   36773
85148   4729    25959   42036   47938
48993   81671   67246   72544   93525
24482   30172   78842   78096   7429
86271   42222   83050   63529   83368
86704   65911   73534   89822   82087
83591   40963   15852   87531   79005
4824    9188    7657    30445   14635
27826   46760   92485   72242   14809
78787   61187   2107    34140   70025
21432   93445   83987   80048   85340
75775   65000   42372   80330   47113
48058   70081   16345   19563   50650
30240   46103   7120    55803   32088
55866   60483   28453   80763   93703
53041   99548   15587   6324    2286
98634   39067   70911   49222   94170
35958   23296   16339   48473   36920
839     54198   72545   75271   33044
16663   78947   82406   98269   6249
23888   14605   48355   62542   49942
29842   73240   40644   33998   99747
55179   42753   4993    38895   27387
69603   17423   55683   7734    11376
82205   65259   5509    30838   67863
72034   63613   68218   89084   56816
14954   43281   84575   23083   84923
47085   94349   67579   71866   48474
13267   65903   21206   46653   8243
99711   60860   35229   84495   29208
56023   68566   9983    67568   90779
69174   73377   18365   4010    11339
86243   7803    62172   53765   93766
34323   29152   72669   8976    43002
18722   24522   29469   85023   22389
45928   56702   58748   35648   77219
8043    56310   80133   35979   53300
28491   98891   50565   60199   45110
99647   98677   93397   14995   99664
9432    91836   50141   39742   64705
67465   55060   97467   4677    83017
8119    7661    17488   33918   86332
44066   22598   50088   25203   50625
89912   45062   52393   6776    84446
74823   73398   47419   14897   38869
33534   54744   91157   7637    52682
99780   78176   81714   96025   1756
59297   60760   86993   96015   79744
89845   2021    15412   62305   69582
86184   248     24504   99081   57132
52374   96969   34351   95141   6519
5031    98502   40101   3942    28716
23553   43430   93619   54388   64441
47404   45118   38089   33938   17947
50021   20817   10138   79040   62870
89862   6112    63393   82083   53794
9603    35595   44288   68460   83653
84757   71770   68472   42545   92927
23742   84942   34058   72424   65093
27137   45225   3018    86663   3135
51796   63123   20688   21308   63222
76776   44715   25388   12900   45730
80857   49682   24760   64827   3612
57770   61491   93065   88083   32019
70710   6036    27140   21829   78068
12888   77229   54179   27740   36772
65061   14019   26163   88196   55101
48165   80788   89943   97854   50816
44651   19587   43323   9190    22630
31218   88467   2063    2631    96539
67170   99782   19251   74307   58810
78982   33392   59022   26499   5143
35820   49338   41482   73093   64816
44338   49470   29413   16853   97378
61266   83581   78468   99258   60430
44317   50149   12490   29210   84711
20174   63251   72378   64471   46776
30177   15763   35658   25496   40273
7486    65245   59312   26748   84486
87790   34514   97217   87966   82572
58503   98977   46732   94127   77662
49321   69467   79061   8705    92506
20313   66693   61149   31731   58685
87539   24557   32844   62811   74653
50918   83213   15166   7632    56010
88543   47057   19928   31767   41528
28098   16994   33299   11963   22099
50788   47506   41762   26918   67920
77585   46661   43020   87393   35999
31667   71092   43094   16139   51845
65049   76417   35861   66904   9228
71265   83119   83663   43144   84826
53503   57734   93139   19485   61569
74867   3780    6959    62793   98937
27026   3583    18666   83765   66052
6831    46987   60358   20235   91202
93100   50928   7277    75611   21162
41337   2852    74154   31443   99417
55298   3594    20318   69432   95393
25800   79593   97418   37575   63456
41301   44005   11005   42104   53284
59916   23148   79039   80680   60098
2638    61394   62144   88325   1265
73334   99682   81836   52151   87890
92892   90970   82160   4923    30662
44561   24526   95044   89757   68312
39510   22813   9806    68906   12774
35321   61721   27294   25635   43395
70272   82486   69207   44677   17486
95336   92353   36764   65824   67230
35465   42959   15527   75838   43174
84398   42704   59287   80345   64555
62389   19695   63236   44472   30040
6860    70528   44455   63349   72297
71684   60444   76737   4289    34641
85969   23265   7843    65710   19972
6126    97458   76006   31101   48460
9687    19719   53090   44810   1658
61981   16024   3733    94491   88686
25491   77272   39591   36301   3047
57503   86621   28478   48746   23811
64532   9264    93537   40567   49699
24913   69234   54415   48300   11978
42751   94154   54437   96180   20853
89554   37734   6055    61015   90054
73828   37413   4778    96672   63590
79895   71182   76779   47212   47299
79925   46142   91987   44259   76228
67578   50923   10800   52845   43653
68380   13508   33903   28925   5207
69140   20076   22665   17363   49688
86329   65786   43269   31451   42100
25358   59779   41771   95716   98125
86952   10197   7896    87506   77640
99787   62463   24833   57776   75049
27400   83324   50853   28510   83831
52472   15705   88619   99816   45178
94700   21841   34584   8861    91120
56130   86016   59560   57579   34006
21967   68670   97914   7572    38153
99003   74666   10261   68732   96980
19728   77075   46094   82404   64914
35739   51875   49905   61257   61313
34867   89504   94838   5891    66007
59387   37904   43083   4948    50164
44382   69669   44492   65237   89319
28276   68897   42041   46890   90455
8519    56256   42816   864     59005
28543   63635   10      57361   24077
42147   26355   90550   47514   21374
61927   9200    58184   54888   86023
20749   74507   1734    57476   25555
41255   93184   5944    55092   45659
40648   99175   61560   50116   4223
51123   31202   8633    69332   54746
58228   29614   77612   1049    97517
63088   68858   89863   29844   97067
84901   18480   72842   32825   5851
4373    8803    8353    31142   27485
47709   42884   21268   37061   2357
40604   38214   18605   68464   63581
85862   35749   92261   42542   42324
31753   32288   7733    93974   81587
31742   30654   14670   31881   95033
20942   16786   25251   51831   63472
39316   37711   15727   22597   66797
17451   37652   93150   97456   7992
22059   95784   71703   60178   53258
78495   57397   12718   10006   97121
58673   59373   41146   22302   67864
55533   13310   21736   24559   8076
44423   20259   41606   6041    24861
39971   84063   9046    76855   54797
13393   2216    74635   3131    57565
57768   5516    26277   40826   29097
50662   16841   91282   32436   75939
10145   16921   25522   14339   83658
4981    37064   56411   8509    51650
36739   3223    67270   65433   40324
98430   84521   10517   70481   434
13406   13490   20955   30318   41487
41120   26224   77877   13770   955
92967   29237   49319   72941   68988
81677   37585   85584   8177    15454
80854   31932   27634   26710   57828
71112   98757   64996   1800    77649
33055   29518   91996   66338   15985
45962   46090   53758   88960   23206
93646   57748   98385   54382   58415
1120    42669   2899    28155   4930
54414   11936   74351   6828    92541
88262   83509   48668   76744   92819
44949   89326   43921   81259   91162
11340   1557    13044   41571   12275
72933   9592    34585   68446   81156
55392   2157    3541    9121    45158
29782   70112   33736   10341   66289
91380   82836   54284   1142    97311
29973   7292    68051   72978   4599
61681   22815   79088   20601   81063
68470   61544   60837   27585   56297
15099   93112   73145   22836   15237
8013    93790   10461   87821   73500
42819   55553   79251   22143   20574
84686   28069   68719   30220   22895
71602   62440   9168    48838   30107
4320    3669    28936   715     35488
69026   34916   38655   51596   64922
2165    1496    27320   45025   42836
74024   75396   65288   49654   80059
75668   60947   16536   8160    23732
88844   85398   15093   20270   65396
95666   87556   84289   17320   49514
97165   25274   1684    92560   94755
70184   63315   89071   38856   76382
2778    96545   58603   30739   87108
89061   34310   70394   59377   29755
35532   86901   82321   19692   16249
62202   80093   98468   18217   20339
69003   81875   26812   49379   2781
72330   1504    18482   5246    92084
87401   27964   89288   79995   17076
25768   29607   38667   69263   63989
18769   9640    46260   8060    92062
36274   84132   85109   18977   9028
44197   45549   15259   65784   68274
74904   43127   19234   15550   8772
34017   71655   3766    92062   54236
83399   84506   19795   64588   63832
29275   53088   59261   69591   48143
97224   71752   67754   59613   8187
25707   57805   53116   6573    58339
73621   56621   7467    65985   96068
9934    10304   18924   84563   52417
22578   18862   97112   83873   91984
14574   70972   76262   91183   28372
66977   72355   4290    85093   70140
87548   45699   34158   59957   52961
79359   15703   24175   74154   34527
1322    359     97055   48445   12538
80988   94400   83688   24099   577
85248   90400   54912   46162   98873
30911   40065   35914   25581   27959
3975    79175   42240   10714   2769
8278    61371   23043   60733   7153
19745   15625   95647   87592   42108
10386   55605   67263   81453   68065
23676   48526   28837   96882   51537
41036   56452   83817   51232   22483
41569   99294   77336   30145   85748
1484    77213   42818   50751   35900
28194   61077   20422   32266   36707
87060   91169   90819   31080   16642
91673   65015   37427   21443   806
57150   74589   72276   47020   81199
86218   14627   65510   93624   76270
67612   20358   72632   17976   26486
21199   7674    86880   12748   42861
12556   10840   31792   54088   17046
33130   27856   63980   75393   279
93922   24981   33016   36443   56780
1034    32419   20250   61794   7779
44703   29045   98123   51957   49593
59709   60522   58015   81597   20368
39857   58084   74366   31931   57811
15578   21013   19703   40958   34151
41892   36106   3676    65708   68000
98026   25403   873     18779   98824
45358   61453   63503   27637   21333
43916   65287   6812    17300   35009
8634    19936   77324   11333   20516
10430   50386   32370   58098   14606
32245   58410   83835   32207   24088
89729   66888   28679   10726   73326
30771   56974   11826   86842   11360
30251   15109   88257   59204   72980
331     18431   72373   2772    61768
72495   19129   3643    48098   4735
51009   84443   40646   19569   5803
47754   10437   76553   47265   93141
18934   20110   39671   41203   39914
13058   54833   86845   27381   93813
87578   75535   83052   85526   83580
69334   20385   14731   47796   46646
46665   29002   69168   46501   85093
93450   13378   31926   23268   48837
23150   18170   70936   34445   52677
69689   79291   76616   65349   78486
84748   65953   78822   39961   54119
36533   88623   68162   21759   63576
21296   67487   38666   65030   21655
2808    60492   63932   3177    67573
55647   93052   50832   47131   26378
63919   89558   24173   88778   57672
68572   26065   58212   57876   96545
65614   3491    69457   41215   28676
9270    13541   85644   76531   15694
68132   94535   76843   90487   86335
49774   79379   31326   76882   13306
72470   97866   86323   25164   69089
34354   89550   33202   24843   36855
24311   76259   68234   12700   66904
15198   47817   85725   69575   9991
79818   74924   1281    49101   27533
60368   75261   81317   75709   98695
53704   78200   20389   82391   93482
52732   62342   83564   28326   7564
96023   78119   84129   96987   21515
45673   82224   32015   34942   45776
76613   50909   43205   77920   76138
42016   69904   29949   61235   32042
89147   46889   8609    25977   86520
31518   74405   38046   55248   16184
69819   61563   5299    7982    28711
76867   26396   90985   27334   30039
94066   1739    40018   45615   22552
10797   12160   82080   13349   88210
13486   12988   74164   16857   63961
55146   74195   14769   663     59041
98933   48016   28189   16548   15097
84054   36672   69625   38366   94165
70513   75181   46106   80061   90629
57852   58463   7995    22573   52313
50338   30928   63727   73123   9800
43804   97193   2291    4241    43531
62178   88134   79961   66027   27260
61326   89045   40766   25084   22581
45676   81267   95703   72799   43252
90043   15676   5726    83452   51648
17302   18614   4722    53827   74462
92873   67230   89485   39036   69765
94606   34404   59151   91963   26489
78467   67755   44631   98900   55678
67836   63206   97881   45207   8754
86211   26145   61037   32858   79507
918     99039   62537   1106    97754
52116   13177   43265   59836   20891
25425   81342   49087   55693   97498
79585   34361   16895   24774   7122
2610    35108   39858   925     27516
6029    73434   41302   63227   48191
27330   71848   60299   10142   3938
94947   60575   61416   96708   12556
64147   69040   8216    11579   34958
11264   38540   75448   82399   42284
67492   64928   54521   65157   94283
4890    4241    45881   37386   91090
35315   58521   3868    39497   37409
96698   65460   67607   96454   38006
38903   97279   44964   69491   60493
32389   4251    49856   54625   17416
30925   28839   76900   3552    40335
79043   16741   28986   37159   67121
75362   31493   19806   35147   18692
6104    35212   15280   44416   54496
12570   45747   61087   10931   70374
19699   13473   75713   66465   87776
52397   629     20161   54146   37015
75000   95921   19101   2919    10597
72708   25904   9420    88679   36127
73313   32801   87226   28301   9296
11161   52644   27173   31183   21020
94814   15599   41941   80572   77010
42802   63549   51047   69918   21606
41521   82633   58590   21982   7922
54721   26243   80607   65272   17918
22403   17370   76576   1760    94853
75987   32969   30180   51724   69779
3363    5975    60900   23004   90312
46461   74879   21963   62673   29567
61710   98664   88166   21305   25429
60662   59374   5366    63541   13927
11122   99201   83006   63775   12109
72293   97069   21695   51458   36712
38660   48874   69310   86532   83727
45233   37342   65795   51812   5465
54911   31258   40514   60851   5611
78800   10406   61714   22492   96059
40216   89794   16161   62545   57854
11430   90428   1768    65628   77836
73890   67254   481     43239   68577
22220   96086   62983   5592    43059
67035   59400   98254   91903   31051
9889    68454   8277    69430   94046
13481   64497   87816   7031    19297
82759   9576    45441   95264   53184
34270   16308   3301    73348   87294
47386   91733   46114   60405   54716
39918   7619    9432    31701   6222
48627   81532   13788   46005   4552
82043   4293    37678   67103   37460
67481   9217    86139   96121   85017
64357   45384   6165    12175   10989
60322   15480   30942   66183   3784
56046   65289   87539   39843   39558
79074   43574   95059   30181   33020
52759   60043   57575   8018    26723
29408   73733   32787   29448   81116
64842   76888   73880   23269   16258
2909    72900   55594   22070   72169
58159   62461   63664   81473   66115
14271   71702   46929   99861   21682
48772   58762   45473   18611   77127
71839   74422   66476   66157   11405
27611   29482   39565   47825   80550
46766   2183    18595   79173   87333
76635   69345   33098   82179   34106
28077   73077   63915   96349   66064
17316   28455   56312   56339   18463
13715   96035   19852   77755   7659
73719   38963   26580   8904    92152
96774   30023   63033   88344   19759
60024   71183   21153   80032   8733
71852   98860   20799   62433   4940
45829   30703   8355    94862   24179
81749   56352   31881   93693   4091
45531   1716    56832   11278   65163
254     48761   3636    20252   35636
88229   59179   91868   2698    71448
41858   70814   91043   24565   48045
89738   59063   57049   17362   61290
19454   58871   91628   42125   1994
16919   58218   29355   33084   90547
10675   24066   24858   51164   11260
88318   36552   79786   23617   3954
41886   83428   40002   54545   29532
70191   87871   90862   12897   37676
88767   72496   74071   62199   2495
28760   30851   4414    90695   63061
18780   53296   44307   92447   17958
88972   42579   50673   94822   21820
34344   20791   15967   59579   92090
36203   91266   62288   39476   25402
45094   45172   5497    10033   71015
19700   94828   48703   49456   90984
324     25446   57647   84152   52043
57210   5264    92906   81241   70631
78747   73463   56263   84735   29712
14688   83882   67716   74374   27399
66696   93147   53614   64534   32249
11603   71376   80112   77619   10505
92623   70057   84232   85129   63119
2322    477     50113   24957   13756
91517   3879    91013   22683   87355
22124   71065   76496   66260   24775
87894   12865   13595   38690   98987
94110   1477    63754   28932   24667
55375   92543   39102   45902   38134
19885   24430   17332   80530   69093
92114   28908   65115   71536   62466
46834   47094   30698   24856   6804
49600   55450   61509   44303   80681
27227   99192   73657   55387   45661
19227   79932   85480   44328   48534
53643   49755   60963   60448   14716
73436   528     15807   95796   383
48458   3159    15709   74576   82446
51239   1535    2374    29147   99971
11688   80594   33856   96310   57256
71338   94524   43375   87156   51378
40862   78015   79186   78586   29263
42872   19567   97239   71884   28434
89600   8812    10956   46222   23540
66766   7050    53076   88049   79428
46628   42783   5876    91632   94581
64287   67863   91203   7220    98663
50216   45720   52203   66156   59234
84874   22611   81093   12954   65658
45231   66812   46675   19150   21950
59090   70963   51528   7774    78578
64746   64624   39846   53455   16268
71119   20492   3554    64862   79230
63276   81545   17044   29570   35827
89608   81372   70418   60021   15296
37902   72951   8046    81554   39673
6749    85491   78856   75831   90424
64233   72810   50729   11822   5049
84470   40558   36699   28231   94862
88651   21010   66609   49692   43614
7736    3042    97522   51278   61570
57847   57124   26486   38061   8739
71700   24210   48572   17039   45229
92163   70700   33792   12850   21727
64922   26880   648     28034   28038
81217   92555   40395   66082   27593
10581   52534   61546   15001   67471
14862   83749   56050   48504   36301
86985   82708   9957    57400   23900
99056   7718    5987    91523   15531
13279   39790   77948   47937   29798
52620   35744   55947   56073   22663
87405   55463   50429   88092   11294
3515    37949   22935   7319    30892
44840   40647   99458   19440   69779
